7
predicted
{"x":[2,3,4,5,6,7,8,9,10,11,12,13,14,15,16,17,18,19,20,21,22,23,24,25,26,27],"y":[1.574,0.51,1.056,1.03,1.245,1.28,1.715,2.782,2.339,2.904,4.001,4.366,4.56,5.133,4.869,4.83,5.43,5.277,6.72,6.482,6.388,5.225,6.355,5.449,5.159,5.442]}

actual
{"x":[2,3,4,5,6,7,8,9,10,11,12,13,14,15,16,17,18,19,20,21,22,23,24,25,26,27,28],"y":[2.716,2.448,1.916,2.386,2.359,2.546,2.733,3.353,3.973,3.226,4.057,5.366,5.836,6.08,7.468,6.495,6.675,7.759,7.574,8.823,8.583,9.275,7.649,8.768,7.397,7.425,7.855]}

11
predicted
{"x":[1,2,3,4,5,6,7,8,9,10,11,12,13,14,15,16,17,18,19,20,21,22,23,24,25,26],"y":[0.696,0.56,1.274,0.924,1.058,1.403,1.714,2.971,2.621,3.413,4.191,4.152,5.143,4.424,4.411,5.393,5.607,5.436,6.155,6.427,5.263,4.894,5.112,5.365,5.489,5.448]}

actual
{"x":[2,3,4,5,6,7,8,9,10,11,12,13,14,15,16,17,18,19,20,21,22,23,24,25,26,27,28],"y":[2.716,2.448,1.916,2.386,2.359,2.546,2.733,3.353,3.973,3.226,4.057,5.366,5.836,6.08,7.468,6.495,6.675,7.759,7.574,8.823,8.583,9.275,7.649,8.768,7.397,7.425,7.855]}

12
predicted:
{"x":[2,3,4,5,6,7,8,9,10,11,12,13,14,15,16,17,18,19,20,21,22,23,24,25,26],"y":[0.885,0.91,1.124,0.946,1.144,1.579,2.498,2.512,2.762,3.925,4.511,4.162,4.914,4.369,4.429,5.326,5.294,6.28,6.289,6.357,5.141,5.873,5.262,4.952,5.43]}

actual:
{"x":[2,3,4,5,6,7,8,9,10,11,12,13,14,15,16,17,18,19,20,21,22,23,24,25,26,27,28],"y":[2.716,2.448,1.916,2.386,2.359,2.546,2.733,3.353,3.973,3.226,4.057,5.366,5.836,6.08,7.468,6.495,6.675,7.759,7.574,8.823,8.583,9.275,7.649,8.768,7.397,7.425,7.855]}

13
predicted
{"x":[2,3,4,5,6,7,8,9,10,11,12,13,14,15,16,17,18,19,20,21,22,23,24,25,26,27],"y":[1.447,1.056,0.572,0.9,0.875,1.182,1.355,1.879,2.77,2.347,3.057,4.768,4.094,4.732,4.639,4.7,4.934,5.37,5.26,6.333,5.848,5.82,5.196,5.536,5.19,4.62]}

actual
{"x":[2,3,4,5,6,7,8,9,10,11,12,13,14,15,16,17,18,19,20,21,22,23,24,25,26,27,28],"y":[2.716,2.448,1.916,2.386,2.359,2.546,2.733,3.353,3.973,3.226,4.057,5.366,5.836,6.08,7.468,6.495,6.675,7.759,7.574,8.823,8.583,9.275,7.649,8.768,7.397,7.425,7.855]}

prompt
So i have the output graphs of 4 models converted to json. I will paste them below. The model 7 is the best performing. 7th model has 4 layers, 350 lstm, sequence length 60. 11 has 4 layers, 350 lstm, sequence length 120. 12 has 4 layers, 350 lstm, sequence length 90. 13 has 4 layers, 350 lstm, sequence length 30. 
7
predicted
{"x":[2,3,4,5,6,7,8,9,10,11,12,13,14,15,16,17,18,19,20,21,22,23,24,25,26,27],"y":[1.574,0.51,1.056,1.03,1.245,1.28,1.715,2.782,2.339,2.904,4.001,4.366,4.56,5.133,4.869,4.83,5.43,5.277,6.72,6.482,6.388,5.225,6.355,5.449,5.159,5.442]}

actual
{"x":[2,3,4,5,6,7,8,9,10,11,12,13,14,15,16,17,18,19,20,21,22,23,24,25,26,27,28],"y":[2.716,2.448,1.916,2.386,2.359,2.546,2.733,3.353,3.973,3.226,4.057,5.366,5.836,6.08,7.468,6.495,6.675,7.759,7.574,8.823,8.583,9.275,7.649,8.768,7.397,7.425,7.855]}

11
predicted
{"x":[1,2,3,4,5,6,7,8,9,10,11,12,13,14,15,16,17,18,19,20,21,22,23,24,25,26],"y":[0.696,0.56,1.274,0.924,1.058,1.403,1.714,2.971,2.621,3.413,4.191,4.152,5.143,4.424,4.411,5.393,5.607,5.436,6.155,6.427,5.263,4.894,5.112,5.365,5.489,5.448]}

actual
{"x":[2,3,4,5,6,7,8,9,10,11,12,13,14,15,16,17,18,19,20,21,22,23,24,25,26,27,28],"y":[2.716,2.448,1.916,2.386,2.359,2.546,2.733,3.353,3.973,3.226,4.057,5.366,5.836,6.08,7.468,6.495,6.675,7.759,7.574,8.823,8.583,9.275,7.649,8.768,7.397,7.425,7.855]}

12
predicted:
{"x":[2,3,4,5,6,7,8,9,10,11,12,13,14,15,16,17,18,19,20,21,22,23,24,25,26],"y":[0.885,0.91,1.124,0.946,1.144,1.579,2.498,2.512,2.762,3.925,4.511,4.162,4.914,4.369,4.429,5.326,5.294,6.28,6.289,6.357,5.141,5.873,5.262,4.952,5.43]}

actual:
{"x":[2,3,4,5,6,7,8,9,10,11,12,13,14,15,16,17,18,19,20,21,22,23,24,25,26,27,28],"y":[2.716,2.448,1.916,2.386,2.359,2.546,2.733,3.353,3.973,3.226,4.057,5.366,5.836,6.08,7.468,6.495,6.675,7.759,7.574,8.823,8.583,9.275,7.649,8.768,7.397,7.425,7.855]}

13
predicted
{"x":[2,3,4,5,6,7,8,9,10,11,12,13,14,15,16,17,18,19,20,21,22,23,24,25,26,27],"y":[1.447,1.056,0.572,0.9,0.875,1.182,1.355,1.879,2.77,2.347,3.057,4.768,4.094,4.732,4.639,4.7,4.934,5.37,5.26,6.333,5.848,5.82,5.196,5.536,5.19,4.62]}

actual
{"x":[2,3,4,5,6,7,8,9,10,11,12,13,14,15,16,17,18,19,20,21,22,23,24,25,26,27,28],"y":[2.716,2.448,1.916,2.386,2.359,2.546,2.733,3.353,3.973,3.226,4.057,5.366,5.836,6.08,7.468,6.495,6.675,7.759,7.574,8.823,8.583,9.275,7.649,8.768,7.397,7.425,7.855]}


Bing prompt
So i have the output graphs of 4 models converted to json. I will paste them below. The model 7 is the best performing. 7th model has 4 layers, 350 lstm, sequence length 60. 11 has 4 layers, 350 lstm, sequence length 120. 12 has 4 layers, 350 lstm, sequence length 90. 13 has 4 layers, 350 lstm, sequence length 30. Can you give me feedback on them?
Sent message. So i have the output graphs of 4 models converted to json. I will paste them below. The model 7 is the best performing. 7th model has 4 layers, 350 lstm, sequence length 60. 11 has 4 layers, 350 lstm, sequence length 120. 12 has 4 layers, 350 lstm, sequence length 90. 13 has 4 layers, 350 lstm, sequence length 30. Can you give me feedback on them?